임준형	LG	8.22	1.57	5.25	8.22	1.57	5.25
김인범	키움	8.44	1.69	5	8.44	1.69	5.0
고영표	KT	7.02	1.46	4.81	7.02	1.46	4.81
르위키	SSG	5.65	1.26	4.5	5.65	1.26	4.5
이승헌	NC	11.81	1.69	7	9	4.5	2	10.405	3.095	4.5
브룩스	KIA	6.35	1.85	3.44	7.73	1.43	5.42	7.04	1.64	4.43
지명성	KT	9	2.25	4	9.0	2.25	4.0
다카하시	KIA	11.29	2.95	3.83	11.29	2.95	3.83
김진성	NC	8.84	4.3	2.06	10.65	1.9	5.6	9.745	3.1	3.83
요키시	키움	6.5	2.28	2.85	6.48	1.41	4.6	6.49	1.845	3.725
우규민	삼성	6.43	1.65	3.89	5.63	1.69	3.33	6.03	1.67	3.61
미란다	두산	11.66	3.26	3.57	11.66	3.26	3.57
김지용	LG	11.25	2.25	5	9.82	4.91	2	10.535	3.58	3.5
폰트	SSG	9.7	2.78	3.49	9.7	2.78	3.49
김동혁	키움	3.29	3.73	0.88	6.23	1.04	6	4.76	2.385	3.44
박시영	KT	10.2	3	3.4	10.2	3.0	3.4
박준표	KIA	5.06	4.78	1.06	7.66	1.39	5.5	6.36	3.085	3.28
김재윤	KT	8.6	3.22	2.67	8.6	2.23	3.87	8.6	2.725	3.27
스트레일리	롯데	8.91	3.64	2.45	9.48	2.36	4.02	9.195	3.0	3.235
킹험	한화	8.19	2.56	3.2	8.19	2.56	3.2
심재민	KT	6.75	2.12	3.18	6.75	2.12	3.18
이용찬	NC	8.51	2.68	3.18	8.51	2.68	3.18
오승환	삼성	8.27	2.32	3.56	7.36	2.83	2.6	7.815	2.575	3.08
루친스키	NC	8.92	2.77	3.22	8.21	2.8	2.93	8.565	2.785	3.075
박진형	롯데	12.94	5.63	2.3	10.55	2.74	3.85	11.745	4.185	3.075
수아레즈	LG	9.83	3.2	3.07	9.83	3.2	3.07
임기영	KIA	7.59	2.65	2.87	7.47	2.33	3.21	7.53	2.49	3.04
조상우	키움	9.61	3.89	2.47	10.6	2.98	3.56	10.105	3.435	3.015
정우람	한화	6.45	4.03	1.6	8.78	1.99	4.42	7.615	3.01	3.01
허윤동	삼성	7.36	2.45	3	7.36	2.45	3.0
박건우	KIA	9	3	3	9.0	3.0	3.0
멩덴	KIA	7.8	2.63	2.97	7.8	2.63	2.97
김명신	두산	5.78	1.88	3.07	6.46	2.35	2.75	6.12	2.115	2.91
안영명	KT	8.15	2.8	2.91	8.15	2.8	2.91
홍건희	두산	9.93	3.27	3.04	7.86	2.88	2.73	8.895	3.075	2.885
최원준	두산	6.42	2.1	3.05	6.88	2.56	2.69	6.65	2.33	2.87
켈리	LG	7.22	3.05	2.37	6.96	2.08	3.35	7.09	2.565	2.86
고우석	LG	10.55	3.57	2.96	11.02	4.1	2.68	10.785	3.835	2.82
이정용	LG	9.56	2.97	3.22	8.74	3.71	2.36	9.15	3.34	2.79
오주원	키움	5.12	1.86	2.75	5.12	1.86	2.75
김영규	NC	5.94	3.96	1.5	7.32	1.86	3.93	6.63	2.91	2.715
홍정우	삼성	6.89	2.3	3	8.7	3.6	2.42	7.795	2.95	2.71
라이블리	삼성	10.26	3.51	2.92	7.63	3.13	2.44	8.945	3.32	2.68
장지훈	SSG	5.71	2.13	2.68	5.71	2.13	2.68
로켓	두산	8.13	3.05	2.67	8.13	3.05	2.67
강재민	한화	7.82	3.69	2.12	10.47	3.31	3.17	9.145	3.5	2.645
뷰캐넌	삼성	8.24	3	2.75	6.23	2.58	2.42	7.235	2.79	2.585
최준용	롯데	8.56	3.04	2.81	7.89	3.34	2.36	8.225	3.19	2.585
안우진	키움	9.2	3.43	2.68	10.25	4.25	2.41	9.725	3.84	2.545
쿠에바스	KT	9.25	3.44	2.69	6.27	2.62	2.39	7.76	3.03	2.54
백승현	LG	5.4	2.16	2.5	5.4	2.16	2.5
카펜터	한화	9.48	3.81	2.49	9.48	3.81	2.49
한현희	키움	6.41	3.15	2.03	7.23	2.45	2.95	6.82	2.8	2.49
이인복	롯데	6.6	2.05	3.21	4.17	2.38	1.75	5.385	2.215	2.48
박종훈	SSG	6.79	2.82	2.41	6.79	2.82	2.41
김원중	롯데	9.19	4.02	2.29	8.65	3.49	2.48	8.92	3.755	2.385
진해수	LG	7.92	3.65	2.17	10.62	4.14	2.57	9.27	3.895	2.37
백정현	삼성	6.22	3.08	2.02	7.02	2.59	2.71	6.62	2.835	2.365
김대유	LG	9.95	2.66	3.73	3.86	3.86	1	6.905	3.26	2.365
파슨스	NC	10.02	4.26	2.35	10.02	4.26	2.35
박세웅	롯데	6.9	2.93	2.36	6.6	2.87	2.3	6.75	2.9	2.33
가빌리오	SSG	7.75	3.32	2.33	7.75	3.32	2.33
김건국	롯데	6.95	5.73	1.21	8.81	2.56	3.44	7.88	4.145	2.325
최채흥	삼성	6.03	2.72	2.22	7.58	3.14	2.41	6.805	2.93	2.315
홍성민	NC	5.66	2.61	2.17	4.85	2.08	2.33	5.255	2.345	2.25
신민혁	NC	6.64	2.73	2.43	5.57	2.79	2	6.105	2.76	2.215
류진욱	NC	6.44	4.57	1.41	9	3	3	7.72	3.785	2.205
김민수	KT	8.53	3.72	2.29	5.49	2.61	2.1	7.01	3.165	2.195
브리검	키움	7.23	3.84	1.88	8.83	3.53	2.5	8.03	3.685	2.19
정찬헌	키움	4.64	2.13	2.19	4.64	2.13	2.19
데스파이네	KT	7.87	3.72	2.12	6.59	2.95	2.24	7.23	3.335	2.18
구승민	롯데	9.39	4.48	2.1	8.65	3.88	2.23	9.02	4.18	2.165
전상현	KIA	5.54	4.15	1.33	12.08	4.15	2.91	8.81	4.15	2.12
문경찬	NC	7.26	5.81	1.25	7.62	2.6	2.93	7.44	4.205	2.09
장민재	한화	3.99	2.45	1.63	5.02	2.04	2.46	4.505	2.245	2.045
박진우	NC	9.82	4.09	2.4	4.6	2.72	1.69	7.21	3.405	2.045
이승현	삼성	10.53	5.26	2	8.61	4.14	2.08	9.57	4.7	2.04
원종현	NC	7.64	3.91	1.96	6.47	3.16	2.05	7.055	3.535	2.005
문동욱	한화	13.5	6.75	2	13.5	6.75	2.0
김동욱	키움	6	3	2	6.0	3.0	2.0
최동환	LG	3.18	6.35	0.5	6.63	1.89	3.5	4.905	4.12	2.0
신재영	SSG	8.58	0.64	13.5	8.58	0.64	13.5
원태인	삼성	7.32	2.89	2.53	5.01	3.6	1.39	6.165	3.245	1.96
이태양	SSG	5.38	2.78	1.94	5.38	2.78	1.94
김민규	두산	6.23	4.47	1.39	9.11	3.71	2.45	7.67	4.09	1.92
이승헌	롯데	4.84	6.71	0.72	8.35	2.7	3.09	6.595	4.705	1.905
문용익	삼성	7.77	4.09	1.9	7.77	4.09	1.9
박치국	두산	8.18	4.5	1.82	8.29	4.27	1.94	8.235	4.385	1.88
임찬규	LG	6.65	4.07	1.63	8.41	3.96	2.12	7.53	4.015	1.875
이민호	LG	7.83	3.52	2.22	6.17	4.05	1.52	7.0	3.785	1.87
박정수	두산	7.71	4.15	1.86	7.71	4.15	1.86
소형준	KT	6.43	3.86	1.67	6.23	3.05	2.04	6.33	3.455	1.855
조영우	SSG	6.48	3.51	1.85	6.48	3.51	1.85
이창재	KT	6.41	3.38	1.9	7.88	4.5	1.75	7.145	3.94	1.825
김재웅	키움	7.93	5.57	1.42	7.69	3.47	2.22	7.81	4.52	1.82
송명기	NC	7.44	4.23	1.76	7.39	4	1.85	7.415	4.115	1.805
정우영	LG	5.68	3.6	1.58	7.08	3.48	2.03	6.38	3.54	1.805
신재웅	SSG	9.72	5.4	1.8	9.72	5.4	1.8
문승원	SSG	5.72	3.22	1.78	5.72	3.22	1.78
최원태	키움	5.84	3.33	1.75	5.48	3.03	1.81	5.66	3.18	1.78
배재준	LG	6.34	3.58	1.77	6.34	3.58	1.77
김도규	롯데	8.36	4.71	1.77	8.36	4.71	1.77
이보근	KT	7.36	5.73	1.29	5.21	2.31	2.25	6.285	4.02	1.77
최영환	롯데	6.2	5.31	1.17	6.3	2.7	2.33	6.25	4.005	1.75
임규빈	키움	6.23	4.15	1.5	4.78	2.39	2	5.505	3.27	1.75
박웅	두산	5.4	3.09	1.75	5.4	3.09	1.75
박민호	SSG	4.17	2.41	1.73	4.17	2.41	1.73
이교훈	두산	8.64	3.24	2.67	6.23	8.31	0.75	7.435	5.775	1.71
김기탁	한화	8.76	5.11	1.71	8.76	5.11	1.71
이재희	삼성	7.06	4.15	1.7	7.06	4.15	1.7
한승혁	KIA	6.46	3.8	1.7	6.46	3.8	1.7
김태훈	키움	7.27	4.62	1.58	5.63	3.09	1.82	6.45	3.855	1.7
노경은	롯데	5.59	3.83	1.46	5.21	2.71	1.93	5.4	3.27	1.695
김민우	한화	7.24	4.4	1.64	8.41	4.88	1.72	7.825	4.64	1.68
임창민	NC	6.47	4.46	1.45	10.51	5.5	1.91	8.49	4.98	1.68
이승진	두산	5.21	5.77	0.9	9.47	3.86	2.45	7.34	4.815	1.675
이의리	KIA	8.84	5.32	1.66	8.84	5.32	1.66
프랑코	롯데	7.44	4.5	1.65	7.44	4.5	1.65
윤대경	한화	6.26	3.94	1.59	7.41	4.41	1.68	6.835	4.175	1.635
최지광	삼성	8.59	4.73	1.81	9.14	6.29	1.45	8.865	5.51	1.63
최성훈	LG	7.3	4.2	1.74	6.48	4.32	1.5	6.89	4.26	1.62
엄상백	KT	7.69	4.78	1.61	7.69	4.78	1.61
서준원	롯데	6.17	4.83	1.28	5.02	2.59	1.94	5.595	3.71	1.61
김대우	삼성	4.76	2.65	1.8	4.29	3.01	1.42	4.525	2.83	1.61
서덕원	KIA	6.61	3.86	1.71	4.26	2.84	1.5	5.435	3.35	1.605
조병현	SSG	10.8	6.75	1.6	10.8	6.75	1.6
최승용	두산	7.85	4.91	1.6	7.85	4.91	1.6
유원상	KT	8.78	4.73	1.86	5.2	3.94	1.32	6.99	4.335	1.59
진명호	롯데	8.88	5.18	1.71	9.19	6.32	1.45	9.035	5.75	1.58
이대은	KT	6.39	3.19	2	4.6	3.99	1.15	5.495	3.59	1.575
김윤식	LG	7.56	4.86	1.56	5.05	3.19	1.58	6.305	4.025	1.57
주현상	한화	5.9	3.75	1.57	5.9	3.75	1.57
오현택	롯데	4.41	4.41	1	4.25	2	2.13	4.33	3.205	1.565
김진영	한화	3.93	6.87	0.57	9.33	3.67	2.55	6.63	5.27	1.56
장현식	KIA	9.39	4.93	1.9	5.71	4.83	1.18	7.55	4.88	1.54
정해영	KIA	6.75	3.86	1.75	7.51	5.63	1.33	7.13	4.745	1.54
이준영	KIA	6.56	4.79	1.37	8.37	4.94	1.69	7.465	4.865	1.53
김강률	두산	7.14	4.35	1.64	9	6.43	1.4	8.07	5.39	1.52
이승호	키움	7.04	5.89	1.19	5.54	3.03	1.83	6.29	4.46	1.51
한차현	KT	7.36	4.91	1.5	7.36	4.91	1.5
김주온	SSG	13.5	9	1.5	13.5	9.0	1.5
김범수	한화	8.92	5.35	1.67	9	6.87	1.31	8.96	6.11	1.49
심창민	삼성	10.17	5.61	1.81	9.3	7.97	1.17	9.735	6.79	1.49
양창섭	삼성	7.8	4.8	1.63	5.4	4.05	1.33	6.6	4.425	1.48
김택형	SSG	7.41	5.02	1.48	7.41	5.02	1.48
이승현	삼성	3.71	4.24	0.88	8.61	4.14	2.08	6.16	4.19	1.48
최금강	NC	8.04	5.46	1.47	8.04	5.46	1.47
김상수	SSG	6.79	4.63	1.47	6.79	4.63	1.47
김대우	롯데	7.9	6.11	1.29	7.84	4.74	1.65	7.87	5.425	1.47
신정락	한화	6.3	6.75	0.93	10.5	5.25	2	8.4	6.0	1.465
송은범	LG	4.58	3.13	1.46	4.5	3.05	1.47	4.54	3.09	1.465
몽고메리	삼성	9.52	6.58	1.45	9.52	6.58	1.45
서진용	SSG	8.29	5.75	1.44	8.29	5.75	1.44
홍상삼	KIA	8.25	4.75	1.74	11.44	10.13	1.13	9.845	7.44	1.435
이상규	LG	6	3	2	5.23	6.1	0.86	5.615	4.55	1.43
임정호	NC	6.23	6.49	0.96	8.34	4.39	1.9	7.285	5.44	1.43
김종수	한화	7.33	6.17	1.19	7.74	4.68	1.65	7.535	5.425	1.42
윤명준	두산	5.12	3.94	1.3	4.39	2.85	1.54	4.755	3.395	1.42
장웅정	한화	4.91	2.45	2	5.87	7.04	0.83	5.39	4.745	1.415
서동민	SSG	8.2	5.81	1.41	8.2	5.81	1.41
김윤수	삼성	11.84	8.05	1.47	6.36	4.81	1.32	9.1	6.43	1.395
양현	키움	4.13	4.88	0.85	4.95	2.55	1.94	4.54	3.715	1.395
전유수	KT	7.59	5.06	1.5	5.32	4.14	1.29	6.455	4.6	1.395
김성민	키움	6.94	6.75	1.03	7.99	4.56	1.75	7.465	5.655	1.39
함덕주	LG	7.71	5.57	1.38	7.71	5.57	1.38
배제성	KT	8.64	5.21	1.66	5.29	4.84	1.09	6.965	5.025	1.375
차우찬	LG	4.84	5.24	0.92	7.17	3.94	1.82	6.005	4.59	1.37
권휘	두산	6.64	6.2	1.07	6.59	3.95	1.67	6.615	5.075	1.37
황영국	한화	9.2	6.14	1.5	7.91	6.52	1.21	8.555	6.33	1.355
김성진	키움	6.7	4.97	1.35	6.7	4.97	1.35
이재학	NC	7.05	5.64	1.25	6.06	4.27	1.42	6.555	4.955	1.335
이상동	KT	7.11	4.26	1.67	4.5	4.5	1	5.805	4.38	1.335
박주성	키움	5.89	4.42	1.33	5.89	4.42	1.33
배민서	NC	5.18	3.83	1.35	6.08	4.73	1.29	5.63	4.28	1.32
하준호	KT	7.5	4.5	1.67	5.62	5.83	0.96	6.56	5.165	1.315
오원석	SSG	7.77	5.97	1.3	7.77	5.97	1.3
안인산	NC	12.15	9.45	1.29	12.15	9.45	1.29
김태훈	SSG	7.6	5.9	1.29	7.6	5.9	1.29
박종기	두산	4.98	4.37	1.14	6.92	4.85	1.43	5.95	4.61	1.285
송윤준	한화	5.68	4.26	1.33	6.26	5.09	1.23	5.97	4.675	1.28
강동연	NC	5.48	5.48	1	6.38	4.13	1.55	5.93	4.805	1.275
김대현	LG	9.82	7.36	1.33	7.79	6.4	1.22	8.805	6.88	1.275
장시환	한화	6.13	6.26	0.98	7.8	5.02	1.55	6.965	5.64	1.265
노성호	삼성	9	6.63	1.36	8.42	7.18	1.17	8.71	6.905	1.265
김선기	키움	4.66	4.1	1.14	4.5	3.27	1.38	4.58	3.685	1.26
장필준	삼성	6.23	7.01	0.89	6.5	4	1.63	6.365	5.505	1.26
윤정현	키움	5.11	3.65	1.4	3.62	3.29	1.1	4.365	3.47	1.25
김현준	KIA	8.69	5.49	1.58	7.53	8.16	0.92	8.11	6.825	1.25
최민준	SSG	6.49	5.23	1.24	6.49	5.23	1.24
곽빈	두산	8.76	7.21	1.22	8.76	7.21	1.22
유희관	두산	3.29	3.43	0.96	3.7	2.57	1.44	3.495	3.0	1.2
임준섭	한화	9.28	6.75	1.38	6.23	6.23	1	7.755	6.49	1.19
조영건	키움	27	18	1.5	4.67	5.48	0.85	15.835	11.74	1.175
김정인	키움	5.97	5.12	1.17	5.97	5.12	1.17
오석주	LG	7.56	6.48	1.17	7.56	6.48	1.17
이민우	KIA	4.42	4.89	0.9	5.69	3.99	1.43	5.055	4.44	1.165
강동호	롯데	6.75	6.75	1	6.55	4.91	1.33	6.65	5.83	1.165
이우석	NC	7.45	6.52	1.14	7.45	6.52	1.14
김준형	키움	5.02	4.4	1.14	5.02	4.4	1.14
나균안	롯데	5.24	4.66	1.13	5.24	4.66	1.13
이영하	두산	6.06	6.52	0.93	5.8	4.5	1.29	5.93	5.51	1.11
김건태	NC	6.75	9.45	0.71	9.51	6.43	1.48	8.13	7.94	1.095
이상민	삼성	5.11	5.11	1	8.36	7.07	1.18	6.735	6.09	1.09
이우찬	LG	7.15	6.62	1.08	7.15	6.62	1.08
송재영	롯데	7.98	7.36	1.08	7.98	7.36	1.08
주권	KT	3.49	3.49	1	4.76	4.11	1.16	4.125	3.8	1.08
손정욱	NC	5.84	5.11	1.14	3.75	3.75	1	4.795	4.43	1.07
강윤구	롯데	8.44	7.88	1.07	8.44	7.88	1.07
박진태	KIA	6.23	4.98	1.25	6.75	7.71	0.88	6.49	6.345	1.065
윤중현	KIA	3.59	3.38	1.06	3.59	3.38	1.06
김태경	NC	6	5.4	1.11	9	9	1	7.5	7.2	1.055
손주영	LG	7.09	6.75	1.05	7.09	6.75	1.05
김정빈	SSG	10.9	10.38	1.05	10.9	10.38	1.05
배동현	한화	6.16	5.92	1.04	6.16	5.92	1.04
김재열	KIA	4.96	4.96	1	6.75	6.23	1.08	5.855	5.595	1.04
윤호솔	한화	7.77	5.55	1.4	6	9	0.67	6.885	7.275	1.035
이승민	삼성	5.55	4.54	1.22	5.47	6.49	0.84	5.51	5.515	1.03
스미스	키움	4.5	4.5	1	4.5	4.5	1.0
강태경	NC	7.11	7.11	1	7.11	7.11	1.0
김기중	한화	6.04	6.04	1	6.04	6.04	1.0
이채호	SSG	5.4	5.4	1	5.4	5.4	1.0
이찬혁	LG	18	18	1	18.0	18.0	1.0
김창훈	롯데	6.75	6.75	1	6.75	6.75	1.0
나원탁	롯데	13.5	13.5	1	13.5	13.5	1.0
김강민	SSG	13.5	13.5	1	13.5	13.5	1.0
김민수	롯데	9	9	1	9.0	9.0	1.0
윤산흠	한화	6	6	1	6.0	6.0	1.0
배성근	롯데	4.5	4.5	1	4.5	4.5	1.0
박재민	롯데	6.75	6.75	1	6.75	6.75	1.0
고영창	KIA	2.31	3.86	0.6	3.57	2.64	1.35	2.94	3.25	0.975
김유영	롯데	8.2	6.75	1.21	6.14	8.59	0.71	7.17	7.67	0.96
이상영	LG	5.4	5.76	0.94	5.4	5.76	0.94
이승재	KIA	6.38	6.75	0.94	6.38	6.75	0.94
김진욱	롯데	8.87	9.66	0.92	8.87	9.66	0.92
채지선	LG	9.35	10.38	0.9	9.35	10.38	0.9
류원석	LG	12	13.5	0.89	12.0	13.5	0.89
한승혁	롯데	11.25	11.25	1	3.86	5.14	0.75	7.555	8.195	0.875
최용준	KIA	8.53	9.95	0.86	8.53	9.95	0.86
이충호	한화	6.06	7.16	0.85	6.06	7.16	0.85
문성현	키움	8.1	16.2	0.5	7.8	6.6	1.18	7.95	11.4	0.84
김유신	KIA	4.8	5.8	0.83	4.8	5.8	0.83
소이현	NC	8.44	10.13	0.83	8.44	10.13	0.83
정수민	SSG	6.53	8.01	0.81	6.53	8.01	0.81
정우준	롯데	6.35	7.94	0.8	6.35	7.94	0.8
박주홍	한화	9	27	0.33	6.93	5.84	1.19	7.965	16.42	0.76
김이환	한화	4.5	7.62	0.59	5.71	6.12	0.93	5.105	6.87	0.76
장민기	KIA	8.49	11.19	0.76	8.49	11.19	0.76
오동욱	한화	4.68	5.76	0.81	4.5	6.3	0.71	4.59	6.03	0.76
김세현	SSG	10.38	14.54	0.71	10.38	14.54	0.71
현도훈	두산	9.35	13.5	0.69	9.35	13.5	0.69
김현수	KIA	5.32	7.09	0.75	5.29	8.63	0.61	5.305	7.86	0.68
조제영	두산	4.22	8.44	0.5	9	10.5	0.86	6.61	9.47	0.68
박세웅	삼성	6	9	0.67	6.0	9.0	0.67
남호	두산	6.75	10.13	0.67	6.75	10.13	0.67
남재현	KIA	5.63	11.25	0.5	4.6	6.32	0.73	5.115	8.785	0.615
김진호	NC	9	27	0.33	6.1	6.97	0.88	7.55	16.985	0.605
이형범	두산	6.75	16.88	0.4	4.56	5.61	0.81	5.655	11.245	0.605
김동우	롯데	5.4	9	0.6	5.4	9.0	0.6
정인욱	한화	5.79	9.64	0.6	5.79	9.64	0.6
김건우	SSG	5.73	9.82	0.58	5.73	9.82	0.58
장재영	키움	7.13	12.23	0.58	7.13	12.23	0.58
문대원	두산	6.75	13.5	0.5	6.75	13.5	0.5
박관진	키움	0	40.5	0	27	27	1	13.5	33.75	0.5
하재훈	SSG	4	8	0.5	4.0	8.0	0.5
정성종	롯데	3	6	0.5	3.0	6.0	0.5
노시훈	NC	3.86	7.71	0.5	3.86	7.71	0.5
김태형	LG	9	18	0.5	9.0	18.0	0.5
차명진	KIA	5.06	10.97	0.46	5.06	10.97	0.46
조요한	SSG	5.14	11.57	0.44	5.14	11.57	0.44
장원준	두산	3.86	8.68	0.44	3.86	8.68	0.44
남지민	한화	3.68	8.59	0.43	3.68	8.59	0.43
이종민	키움	11.57	27	0.43	11.57	27.0	0.43
김태현	NC	5.06	11.81	0.43	5.06	11.81	0.43
이재익	삼성	4.5	10.8	0.42	4.5	10.8	0.42
장지수	KIA	3.14	8.16	0.38	3.14	8.16	0.38
양선률	SSG	9	27	0.33	9.0	27.0	0.33
구준범	삼성	4.5	13.5	0.33	4.5	13.5	0.33
박승주	키움	2.08	6.23	0.33	2.08	6.23	0.33
이승관	한화	7.94	25.41	0.31	7.94	25.41	0.31
이강준	롯데	4.32	14.04	0.31	4.32	14.04	0.31
이건욱	SSG	3.55	13.5	0.26	3.55	13.5	0.26
강지광	SSG	9	36	0.25	9.0	36.0	0.25
이용준	NC	5.4	21.6	0.25	5.4	21.6	0.25
이정현	KT	1.04	5.19	0.2	1.04	5.19	0.2
유재유	두산	2.7	13.5	0.2	2.7	13.5	0.2
변시원	KIA	0	40.5	0	0.0	40.5	0.0
정동윤	SSG	0	4.5	0	0.0	4.5	0.0
강경학	KIA	0	27	0	0.0	27.0	0.0
윤성빈	롯데	0	9	0	0.0	9.0	0.0
추재현	롯데	0	18	0	0.0	18.0	0.0
최세창	두산	0	6.75	0	0.0	6.75	0.0
홍민기	롯데	0	54	0	0.0	54.0	0.0
